150 488444448844 884. vn

...-.--

C. 392 ·- L. 803 O. 370 - L. 874 O. 419
890 420

884 484
884 488
888 488
888 484
888 , 488

323 - 794 371
324 799 372
325 796 373
326 802 374
327 800 375
328 795 376
3288 801 377

329 378
· 330 379
331 380
332 381
333 382
334 383
335 384
336 385
337 386
338 387
339 388
340 389
341 390
342 391
Ι343 392
344 393
345 394

346 395
347 396
348 397 868 446

888 844 448
888 448
488 884 448
484 884 488
488 451
884 488 888 488
888 484 9945 488
888 488 888 484
884 488 488
888 ' 484 884 488
888 488 848 484
888 488 888 488
884 448 888 488
888 444 888 488
888 448 884 0519445
884 4488 888 484

888 448 488

888 444 888 488

p. 88 448 484

884 448 888 488

888
888

863 426
856 427
846 428
857 429
862 430
847 431
852 432
849 433
851 434
858 435
859 436
848 437
884 438
869 439
870 440

872 441
875 442
865 443
887 444
866 445

111ΙΙΙΙΙΙΙΙΙΙΙΙΙΙΙῑΙΙΙΙὶΙΙΙΙ

349
350
351
352
353

ΙΙΙΙΙΙΙΙΙΙΙΙΙΙΙΙΙΙΙΙ

417 903 466
418 904 467

 

