Ι Ι Ι Ι Ι Ι Ι Ι 1 Ι Ι Ι Ι Ι Ι Ι Ι Ι Ι

ιζ 934
999
939
993
300
305
301
303
303
313
330
310
310
313
314
317
311
313
235

BRITANNICARVM.

C. 801
802
803
804
805
806
807
808
809
810
811
812
813
814
815
816
817
818
819
820
821
822
823

’ 824
825
826
827
828
829
880
831
832
833
8330
834
835
836
837
838
839
840
841
842
843
844
845
846
847
848
849

- L. 376

Ι 1 Ι Ι Ι Ι 1 1 Ι Ι Ι Ι Ι Ι Ι Ι 1 Ι Ι Ι 1 Ι

374
373

371
357
358
354

350 “

349
367
361
355
362
356
348

364 ¹

351
352
359
363
360
353
365
366
369

378
377
370
372
381
386
387

374
385
368
389

390
391
394
393
395
392
804
396
397
406

 

