161 401111114111714 v01. vn

..μ

3. 333 - 1. 133 c. 661 - 1..166 3131
333 - 136 663 701
607 143 664 - 703
606 136 666 — 704
333 143 333 133
313 141 331 133
311 143 333 131
313 143 333 133
313 144 333 133
314 131 331 113

141 333 711

113 663 711

617 133 664 713

616 164 666 714

613 166 666 716

610 667 716

6100 166 666 717

611 167 663 716

611 161 670 713

613 163 671 710

614 160 711

616 161 711

616 133 133

331 134 134

3334 133 133

3333 133 133

333 131 131

133 133

133 133

333 133

133 · 131

131 731

Ι
Ι Ι Ι Ι Ι Ι Ι Ι Ι

615
616

Ι Ι Ι Ι Ι Ι Ι Ι Ι Ι Ι Ι Ι Ι
Ι Ι Ι Ι Ι Ι 1

630
631
6313
631
633
634
636
636
637
633
633
640
641
641
643
644
645

ΙΙΙΙΙΙΙΙΙΙΙΙΙΙ-ΙΙ
Ι ΙΙ Ι Ι Ι Ι

ι 1 1 1 1 1 1 1 1 1

733
734
7353.3 -
178 736 -
173 737
176 738
172 739
175 740
182 741
184 742
183 743
189 744
646 190 745
647 191 746
648 185 747
649 748

179
177

, 650 675 749
651 180 750

 

